split,level,n,weeks,pass_rate,reject_rate,unresolved,mfe_median,mae_median,terminal6h_median,grouping,contact,shape,oi_state,crowd_state,shape_transition
CHECK,HVN2,1185,85,0.40759493670886077,0.3991561181434599,0.19324894514767932,0.9136941600090073,0.900030270924822,0.02098816624667766,level,,,,,
CHECK,LVN,685,85,0.3795620437956204,0.4058394160583942,0.2145985401459854,0.8838116178010966,0.9563122741705807,-0.030780726839017794,level,,,,,
CHECK,POC_HVN,1561,85,0.3971812940422806,0.39141575912876364,0.2114029468289558,0.853644553644548,0.8519125556915123,-0.022492032974269847,level,,,,,
CHECK,VAH,1230,85,0.37886178861788616,0.4317073170731707,0.18943089430894308,0.828676928798755,0.9844544790043859,-0.027913282481884925,level,,,,,
CHECK,VAL,1194,85,0.40787269681742044,0.4355108877721943,0.15661641541038526,0.9323890162753133,0.9690143175763497,-0.05457171845512711,level,,,,,
DISCOVERY,HVN2,1941,155,0.35188047398248323,0.3874291602266873,0.2606903657908295,0.7470902138745321,0.8265313791807514,-0.029755951190238012,level,,,,,
DISCOVERY,LVN,1093,155,0.3696248856358646,0.41537053979871913,0.21500457456541627,0.7546081668263283,0.8670267682133124,-0.08478630172271058,level,,,,,
DISCOVERY,POC_HVN,2832,155,0.3725282485875706,0.3859463276836158,0.24152542372881355,0.7906991259507504,0.8094980195043753,-0.025592878672165163,level,,,,,
DISCOVERY,VAH,2169,155,0.3817427385892116,0.39511295527893037,0.223144306131858,0.8039350263097702,0.8850483041491652,-0.06263087759376551,level,,,,,
DISCOVERY,VAL,2205,155,0.3904761904761905,0.3922902494331066,0.21723356009070294,0.8442683500100672,0.8346640206756486,-0.10844578801383545,level,,,,,
VALIDATION,HVN2,733,53,0.4147339699863574,0.3874488403819918,0.19781718963165076,0.9128537286550522,0.8942088382038494,-0.07186478277412518,level,,,,,
VALIDATION,LVN,354,53,0.3672316384180791,0.403954802259887,0.2288135593220339,0.813160079013646,0.8163437907515989,-0.09511663096370479,level,,,,,
VALIDATION,POC_HVN,963,53,0.40602284527518173,0.39979231568016615,0.19418483904465214,0.8751451754351363,0.8867391707950991,-0.027149172541872685,level,,,,,
VALIDATION,VAH,802,53,0.39650872817955113,0.39526184538653364,0.2082294264339152,0.8861991141260563,0.9033857892501433,-0.0024218973319051038,level,,,,,
VALIDATION,VAL,715,53,0.3804195804195804,0.43496503496503497,0.18461538461538463,0.861809045226143,0.9768678649259216,-0.14789588907807233,level,,,,,
CHECK,HVN2,493,85,0.4259634888438134,0.359026369168357,0.2150101419878296,0.902482237772243,0.8156987874920183,0.08307880268787934,level+contact,AT_LEVEL,,,,
CHECK,HVN2,123,66,0.36585365853658536,0.5203252032520326,0.11382113821138211,0.9156805690268501,1.2075745033112655,-0.06268221574344005,level+contact,BREAK_CLOSE,,,,
CHECK,HVN2,569,85,0.4007029876977153,0.4077328646748682,0.19156414762741653,0.9136941600090073,0.9139320850523514,-0.012123120522715186,level+contact,REJECT_CLOSE,,,,
CHECK,LVN,264,81,0.39015151515151514,0.39015151515151514,0.2196969696969697,0.777292406204056,0.8743954429102401,-0.031451521647503415,level+contact,AT_LEVEL,,,,
CHECK,LVN,89,52,0.449438202247191,0.4943820224719101,0.056179775280898875,1.0220937175901315,1.376273230398179,-0.2003860326373258,level+contact,BREAK_CLOSE,,,,
CHECK,LVN,332,85,0.35240963855421686,0.39457831325301207,0.25301204819277107,0.9002509177452273,0.8924225822250167,-0.028204411618187403,level+contact,REJECT_CLOSE,,,,
CHECK,POC_HVN,645,84,0.3937984496124031,0.3674418604651163,0.23875968992248062,0.8471903323262981,0.7909239400610688,0.011635720601248635,level+contact,AT_LEVEL,,,,
CHECK,POC_HVN,175,75,0.46285714285714286,0.45714285714285713,0.08,1.062031432220826,1.208196894475579,-0.19214032268862408,level+contact,BREAK_CLOSE,,,,
CHECK,POC_HVN,741,85,0.38461538461538464,0.3967611336032389,0.21862348178137653,0.8093111609844245,0.8768048787779124,-0.044718309859144524,level+contact,REJECT_CLOSE,,,,
CHECK,VAH,440,82,0.3704545454545455,0.41363636363636364,0.2159090909090909,0.7435934330999481,0.9190137487402292,-0.07232530907595847,level+contact,AT_LEVEL,,,,
CHECK,VAH,167,69,0.41916167664670656,0.5209580838323353,0.059880239520958084,1.040901428444635,1.3660506998403028,-0.2215628090999011,level+contact,BREAK_CLOSE,,,,
CHECK,VAH,623,85,0.3739967897271268,0.420545746388443,0.20545746388443017,0.82898567948186,0.9479024722600692,0.03768162565008608,level+contact,REJECT_CLOSE,,,,
CHECK,VAL,443,84,0.38826185101580135,0.4288939051918736,0.18284424379232506,0.8810772693463195,0.9376590124617219,-0.017538487235878777,level+contact,AT_LEVEL,,,,
CHECK,VAL,145,69,0.4827586206896552,0.47586206896551725,0.041379310344827586,1.0457818438795357,1.263404825737268,-0.3740856045991786,level+contact,BREAK_CLOSE,,,,
CHECK,VAL,606,85,0.4042904290429043,0.4306930693069307,0.16501650165016502,0.9271544755950603,0.9377602661989928,-0.010545390783585129,level+contact,REJECT_CLOSE,,,,
DISCOVERY,HVN2,730,153,0.34657534246575344,0.3698630136986301,0.28356164383561644,0.7254175282314244,0.7909568775733462,-0.08938670512516783,level+contact,AT_LEVEL,,,,
DISCOVERY,HVN2,169,105,0.3727810650887574,0.47337278106508873,0.15384615384615385,0.8751353860436557,1.156876601006965,-0.24450194049156074,level+contact,BREAK_CLOSE,,,,
DISCOVERY,HVN2,1042,155,0.3522072936660269,0.3857965451055662,0.2619961612284069,0.7432369184405858,0.7927313237321338,0.03874197638741819,level+contact,REJECT_CLOSE,,,,
DISCOVERY,LVN,360,134,0.35555555555555557,0.40555555555555556,0.2388888888888889,0.6420428255238715,0.8166124334526601,-0.029257308819974247,level+contact,AT_LEVEL,,,,
DISCOVERY,LVN,159,99,0.3584905660377358,0.4968553459119497,0.14465408805031446,0.5756352928345603,1.2018760781388527,-0.3611342172789648,level+contact,BREAK_CLOSE,,,,
DISCOVERY,LVN,574,152,0.38153310104529614,0.3989547038327526,0.21951219512195122,0.8170964932764202,0.8263386153264084,-0.057510013271728944,level+contact,REJECT_CLOSE,,,,
DISCOVERY,POC_HVN,1083,155,0.36472760849492153,0.39058171745152354,0.24469067405355494,0.759837177747618,0.8271021444695258,-0.054941650314991874,level+contact,AT_LEVEL,,,,
DISCOVERY,POC_HVN,265,120,0.4490566037735849,0.4188679245283019,0.1320754716981132,1.0558854190273208,1.0213371652585705,-0.11002412877113366,level+contact,BREAK_CLOSE,,,,
DISCOVERY,POC_HVN,1484,155,0.36455525606469,0.37668463611859837,0.2587601078167116,0.7766859118550953,0.7641829861355643,0.00432330657702807,level+contact,REJECT_CLOSE,,,,
DISCOVERY,VAH,712,154,0.37640449438202245,0.3848314606741573,0.23876404494382023,0.7686921503378066,0.8436562679293781,-0.10832672880550098,level+contact,AT_LEVEL,,,,
DISCOVERY,VAH,289,133,0.4117647058823529,0.4186851211072664,0.1695501730103806,0.9000965654277254,0.991396629785936,-0.1288832503822223,level+contact,BREAK_CLOSE,,,,
DISCOVERY,VAH,1168,155,0.3775684931506849,0.3955479452054795,0.2268835616438356,0.7977770765957148,0.8867391719216677,-0.038534596690941586,level+contact,REJECT_CLOSE,,,,
DISCOVERY,VAL,748,153,0.3877005347593583,0.3850267379679144,0.22727272727272727,0.8362875594750769,0.8363307665567317,-0.1394898363538082,level+contact,AT_LEVEL,,,,
DISCOVERY,VAL,270,125,0.36666666666666664,0.4888888888888889,0.14444444444444443,0.8266132846846723,1.1939205896621388,-0.367135047688792,level+contact,BREAK_CLOSE,,,,
DISCOVERY,VAL,1187,155,0.3976411120471778,0.37489469250210616,0.22746419545071608,0.8547988964715951,0.773462510086434,-0.040630115416493556,level+contact,REJECT_CLOSE,,,,
VALIDATION,HVN2,250,53,0.38,0.384,0.236,0.8870872915837783,0.903218578087233,-0.061489444976852395,level+contact,AT_LEVEL,,,,
VALIDATION,HVN2,81,45,0.4691358024691358,0.4074074074074074,0.12345679012345678,1.127457903583537,1.035658822123989,0.0050905871565499,level+contact,BREAK_CLOSE,,,,
VALIDATION,HVN2,402,53,0.4253731343283582,0.3855721393034826,0.1890547263681592,0.9012237766319782,0.8417976802292757,-0.09585892206844468,level+contact,REJECT_CLOSE,,,,
VALIDATION,LVN,136,49,0.34558823529411764,0.39705882352941174,0.25735294117647056,0.8228350296250095,0.801740940233527,-0.09292545876771438,level+contact,AT_LEVEL,,,,
VALIDATION,LVN,47,33,0.2765957446808511,0.6170212765957447,0.10638297872340426,0.5461395036067982,1.4471890438371917,-0.5682034371234709,level+contact,BREAK_CLOSE,,,,
VALIDATION,LVN,171,52,0.4093567251461988,0.3508771929824561,0.23976608187134502,0.8896062623356515,0.7438114028842752,-0.06300795246001491,level+contact,REJECT_CLOSE,,,,
VALIDATION,POC_HVN,374,53,0.3716577540106952,0.42513368983957217,0.20320855614973263,0.7181196832965018,0.8981057576247113,-0.11309297906800637,level+contact,AT_LEVEL,,,,
VALIDATION,POC_HVN,106,45,0.4339622641509434,0.4056603773584906,0.16037735849056603,0.9239832885049726,1.0154852268978165,-0.2598552795951372,level+contact,BREAK_CLOSE,,,,
VALIDATION,POC_HVN,483,53,0.42650103519668736,0.37888198757763975,0.19461697722567287,0.9560914612361617,0.789770104330143,0.12486298761983068,level+contact,REJECT_CLOSE,,,,
VALIDATION,VAH,291,53,0.36082474226804123,0.44673539518900346,0.19243986254295534,0.8329642576087518,0.9858027757213442,-0.07618365703034455,level+contact,AT_LEVEL,,,,
VALIDATION,VAH,103,48,0.46601941747572817,0.4077669902912621,0.1262135922330097,1.502752942365007,1.04893627395212,0.0607930522225727,level+contact,BREAK_CLOSE,,,,
VALIDATION,VAH,408,52,0.40441176470588236,0.3553921568627451,0.24019607843137256,0.8861991141260563,0.7851742900948525,0.007653558165195127,level+contact,REJECT_CLOSE,,,,
VALIDATION,VAL,256,53,0.3515625,0.44140625,0.20703125,0.8453436657793469,0.9763482277425116,-0.03593380788736533,level+contact,AT_LEVEL,,,,
VALIDATION,VAL,101,41,0.43564356435643564,0.48514851485148514,0.07920792079207921,1.2008107897403884,1.097755094757126,-0.05577324973878704,level+contact,BREAK_CLOSE,,,,
VALIDATION,VAL,358,53,0.3854748603351955,0.41620111731843573,0.19832402234636873,0.7717247609971134,0.92018106806388,-0.26892190930085885,level+contact,REJECT_CLOSE,,,,
CHECK,HVN2,394,85,0.41624365482233505,0.37817258883248733,0.20558375634517767,0.9111611107995878,0.7503377910058726,0.02226831918039522,level+shape,,B,,,
CHECK,HVN2,531,85,0.3992467043314501,0.4218455743879473,0.17890772128060264,0.9237915738572653,1.001369725720771,0.010571573870015633,level+shape,,D,,,
CHECK,HVN2,131,61,0.4351145038167939,0.40458015267175573,0.16030534351145037,0.9229881566960487,0.9156508121718272,-0.0724508421140088,level+shape,,P,,,
CHECK,HVN2,129,66,0.3875968992248062,0.3643410852713178,0.24806201550387597,0.8799017726958801,0.8708104880299748,0.1141332163486168,level+shape,,b,,,
CHECK,LVN,434,85,0.391705069124424,0.39631336405529954,0.2119815668202765,0.8820050933134337,0.9144220357648554,-0.030489932003269535,level+shape,,B,,,
CHECK,LVN,161,68,0.36645962732919257,0.40372670807453415,0.22981366459627328,0.95369447794852,0.9886694093503977,-0.018826951428457552,level+shape,,D,,,
CHECK,LVN,52,33,0.36538461538461536,0.4423076923076923,0.19230769230769232,0.8541417056275704,0.9113774868066554,-0.019491657888771,level+shape,,P,,,
CHECK,LVN,38,30,0.3157894736842105,0.47368421052631576,0.21052631578947367,0.8154775417116941,1.1098505603217559,-0.2241639868559246,level+shape,,b,,,
CHECK,POC_HVN,491,85,0.40122199592668023,0.3625254582484725,0.23625254582484725,0.8939249893045632,0.8553352219074754,-0.04128299997220389,level+shape,,B,,,
CHECK,POC_HVN,682,85,0.3841642228739003,0.39882697947214074,0.21700879765395895,0.8418113141381467,0.8308495601280534,0.006829286077534954,level+shape,,D,,,
CHECK,POC_HVN,198,75,0.42424242424242425,0.3787878787878788,0.19696969696969696,0.8466799621973354,0.8209238492129132,-0.038992556959431615,level+shape,,P,,,
CHECK,POC_HVN,190,72,0.4052631578947368,0.45263157894736844,0.14210526315789473,0.826520104073361,0.9607170068418099,-0.048354574926739835,level+shape,,b,,,
CHECK,VAH,339,83,0.37168141592920356,0.41297935103244837,0.2153392330383481,0.7435665543040342,0.9195634599838312,-0.12886720295398113,level+shape,,B,,,
CHECK,VAH,600,85,0.37833333333333335,0.44333333333333336,0.17833333333333334,0.880971745046718,1.015288352815444,0.0029704774145516443,level+shape,,D,,,
CHECK,VAH,129,69,0.4108527131782946,0.46511627906976744,0.12403100775193798,0.9331200930503084,1.1307545627894369,-0.18268034303007866,level+shape,,P,,,
CHECK,VAH,162,65,0.37037037037037035,0.4012345679012346,0.22839506172839505,0.8422789887979265,0.9335958767060457,0.04793578255233451,level+shape,,b,,,
CHECK,VAL,308,79,0.36688311688311687,0.4448051948051948,0.18831168831168832,0.8027977045823299,0.9421919849437115,-0.05649723057266352,level+shape,,B,,,
CHECK,VAL,598,85,0.42474916387959866,0.4180602006688963,0.15719063545150502,0.9673109604384007,0.9385618917255354,0.02248534647776976,level+shape,,D,,,
CHECK,VAL,163,66,0.4049079754601227,0.48466257668711654,0.11042944785276074,0.9221838983763896,1.1279069767441934,-0.2223157572510898,level+shape,,P,,,
CHECK,VAL,125,64,0.432,0.432,0.136,1.0136430557827714,0.8833245030061335,-0.11497025463118124,level+shape,,b,,,
DISCOVERY,HVN2,592,151,0.3530405405405405,0.3733108108108108,0.27364864864864863,0.7518975400914447,0.7813780739182297,0.00031499347909031057,level+shape,,B,,,
DISCOVERY,HVN2,877,154,0.35347776510832385,0.38540478905359177,0.2611174458380844,0.7485207100591489,0.8385129819040347,-0.06901284726034747,level+shape,,D,,,
DISCOVERY,HVN2,248,121,0.38306451612903225,0.41935483870967744,0.1975806451612903,0.8099547744147491,0.9005309568253883,0.04261515355246709,level+shape,,P,,,
DISCOVERY,HVN2,224,108,0.3080357142857143,0.39732142857142855,0.29464285714285715,0.6196969609625145,0.7859051865293492,-0.17270501977515895,level+shape,,b,,,
DISCOVERY,LVN,659,151,0.37025796661608495,0.417298937784522,0.212443095599393,0.7106423507002061,0.8624080224002029,-0.07372505543235743,level+shape,,B,,,
DISCOVERY,LVN,233,117,0.37339055793991416,0.3776824034334764,0.24892703862660945,0.7814672818246612,0.818872674889646,-0.052965867668193105,level+shape,,D,,,
DISCOVERY,LVN,106,75,0.3867924528301887,0.4528301886792453,0.16037735849056603,0.816610786143187,0.9919264576917288,-0.11003692795860585,level+shape,,P,,,
DISCOVERY,LVN,95,68,0.3368421052631579,0.45263157894736844,0.21052631578947367,0.7897377608183843,1.0238430604037825,-0.19479228781554306,level+shape,,b,,,
DISCOVERY,POC_HVN,749,153,0.3818424566088118,0.36181575433911883,0.25634178905206945,0.834523367511117,0.757466080145515,-0.010819545438563699,level+shape,,B,,,
DISCOVERY,POC_HVN,1334,155,0.35907046476761617,0.3905547226386807,0.25037481259370314,0.7224993434032778,0.8028137552151982,-0.03556969085282659,level+shape,,D,,,
DISCOVERY,POC_HVN,422,136,0.3909952606635071,0.4052132701421801,0.2037914691943128,0.8500273295250231,0.891219200005311,-0.012540013145914377,level+shape,,P,,,
DISCOVERY,POC_HVN,327,123,0.382262996941896,0.39755351681957185,0.22018348623853212,0.9098294069861855,0.8627225732338034,-0.023565056387813615,level+shape,,b,,,
DISCOVERY,VAH,493,145,0.332657200811359,0.4077079107505071,0.25963488843813387,0.6978106401068886,0.8790921303132497,-0.1266906045622028,level+shape,,B,,,
DISCOVERY,VAH,1110,155,0.3954954954954955,0.38738738738738737,0.21711711711711712,0.8498678281629828,0.8685012709621258,-0.029192744391643894,level+shape,,D,,,
DISCOVERY,VAH,258,128,0.43410852713178294,0.3798449612403101,0.18604651162790697,0.9480862413441926,0.9684632173806573,-0.21997449558655843,level+shape,,P,,,
DISCOVERY,VAH,308,124,0.36688311688311687,0.4155844155844156,0.21753246753246752,0.7503017195315298,0.9103834360433374,-0.09305391951238731,level+shape,,b,,,
DISCOVERY,VAL,521,149,0.3646833013435701,0.39539347408829173,0.2399232245681382,0.8375869974224484,0.8064940763492723,-0.08458924007045197,level+shape,,B,,,
DISCOVERY,VAL,1108,155,0.3971119133574007,0.3871841155234657,0.2157039711191336,0.8367217004389884,0.8496746512848685,-0.11732447698601631,level+shape,,D,,,
DISCOVERY,VAL,363,131,0.38016528925619836,0.3939393939393939,0.22589531680440772,0.8273701085768437,0.8009006602297527,-0.040630115416493556,level+shape,,P,,,
DISCOVERY,VAL,213,105,0.43661971830985913,0.4084507042253521,0.15492957746478872,0.9707854950551317,0.9551437013161507,-0.23265938297959754,level+shape,,b,,,
VALIDATION,HVN2,227,52,0.44052863436123346,0.3524229074889868,0.20704845814977973,0.9512306675927134,0.8613833155754315,-0.06780923994036708,level+shape,,B,,,
VALIDATION,HVN2,343,52,0.4139941690962099,0.39941690962099125,0.18658892128279883,0.942182906480911,0.939817963916689,-0.09961435015867148,level+shape,,D,,,
VALIDATION,HVN2,74,41,0.40540540540540543,0.40540540540540543,0.1891891891891892,0.8693423228621744,0.9928875233816876,-0.18191221834377636,level+shape,,P,,,
VALIDATION,HVN2,89,39,0.3595505617977528,0.4157303370786517,0.2247191011235955,0.7787134668459507,0.7967960661531746,0.03238322638412181,level+shape,,b,,,
VALIDATION,LVN,222,52,0.38738738738738737,0.3918918918918919,0.22072072072072071,0.8587206275033902,0.808598181083193,-0.07792348806592841,level+shape,,B,,,
VALIDATION,LVN,71,35,0.352112676056338,0.39436619718309857,0.2535211267605634,0.7690892025691501,0.7364295222600352,0.02871407367426248,level+shape,,D,,,
VALIDATION,LVN,31,22,0.3225806451612903,0.41935483870967744,0.25806451612903225,0.8093564416434303,0.9339796624995479,-0.3873892918321955,level+shape,,P,,,
VALIDATION,LVN,30,22,0.3,0.5,0.2,0.5857631230942071,1.0549429765018594,-0.3793512237086088,level+shape,,b,,,
VALIDATION,POC_HVN,247,52,0.38866396761133604,0.4048582995951417,0.20647773279352227,0.8049185776005298,0.9334130713370297,-0.0627523037946433,level+shape,,B,,,
VALIDATION,POC_HVN,452,53,0.4269911504424779,0.37831858407079644,0.19469026548672566,0.9441904132445803,0.7893710334734849,0.07281173682849218,level+shape,,D,,,
VALIDATION,POC_HVN,144,47,0.3333333333333333,0.4513888888888889,0.2152777777777778,0.5888718438316183,1.0538999293607874,-0.15809699520739923,level+shape,,P,,,
VALIDATION,POC_HVN,120,41,0.45,0.4083333333333333,0.14166666666666666,1.02266804681804,0.8935387946576531,-0.02146567194558085,level+shape,,b,,,
VALIDATION,VAH,215,52,0.3627906976744186,0.3813953488372093,0.2558139534883721,0.7846258688837344,0.8737307712970781,-0.12766126154700097,level+shape,,B,,,
VALIDATION,VAH,396,53,0.398989898989899,0.4116161616161616,0.1893939393939394,0.9307013560287187,0.9268018535266485,0.08338759230868553,level+shape,,D,,,
VALIDATION,VAH,83,43,0.4578313253012048,0.3614457831325301,0.18072289156626506,1.0862173649058822,0.8129887149617667,0.10421160177091948,level+shape,,P,,,
VALIDATION,VAH,108,41,0.4074074074074074,0.3888888888888889,0.2037037037037037,0.8991675864772029,0.8593466554395628,0.011646870988642234,level+shape,,b,,,
VALIDATION,VAL,174,51,0.3448275862068966,0.43103448275862066,0.22413793103448276,0.8125353837634117,0.9188296734009004,-0.11420869330964017,level+shape,,B,,,
VALIDATION,VAL,368,53,0.39402173913043476,0.4375,0.16847826086956522,0.8416551219105465,0.9969573594928924,-0.12761482120747195,level+shape,,D,,,
VALIDATION,VAL,96,43,0.3125,0.4583333333333333,0.22916666666666666,0.7179476959867399,1.008055544904686,-0.3401636313200277,level+shape,,P,,,
VALIDATION,VAL,77,36,0.4805194805194805,0.4025974025974026,0.11688311688311688,1.0984100366436929,0.9968807142088816,-0.01728627873563218,level+shape,,b,,,
CHECK,HVN2,171,79,0.4444444444444444,0.3333333333333333,0.2222222222222222,0.8954432809523097,0.7253228277522618,0.16151238921286706,level+contact+shape,AT_LEVEL,B,,,
CHECK,HVN2,224,75,0.38392857142857145,0.41517857142857145,0.20089285714285715,0.7980499376442716,0.9835170502058053,-0.06619366459914594,level+contact+shape,AT_LEVEL,D,,,
CHECK,HVN2,46,32,0.5,0.30434782608695654,0.1956521739130435,1.0516352346653333,0.7086613459811206,0.23069847734019008,level+contact+shape,AT_LEVEL,P,,,
CHECK,HVN2,52,37,0.4807692307692308,0.25,0.2692307692307692,1.05216869925209,0.8179562366255544,0.19230085984065598,level+contact+shape,AT_LEVEL,b,,,
CHECK,HVN2,39,35,0.358974358974359,0.5384615384615384,0.10256410256410256,0.9086280615901685,1.4327050894964,-0.07532571479391266,level+contact+shape,BREAK_CLOSE,B,,,
CHECK,HVN2,59,42,0.3389830508474576,0.559322033898305,0.1016949152542373,0.9156805690268501,1.4366642282370035,-0.09217264081931237,level+contact+shape,BREAK_CLOSE,D,,,
CHECK,HVN2,13,13,0.46153846153846156,0.3076923076923077,0.23076923076923078,0.9495760161356809,0.31652066188832806,0.44959706606183353,level+contact+shape,BREAK_CLOSE,P,,,
CHECK,HVN2,12,11,0.4166666666666667,0.5,0.08333333333333333,0.8354823940514631,1.0430051539655367,0.0601663850755553,level+contact+shape,BREAK_CLOSE,b,,,
CHECK,HVN2,184,77,0.40217391304347827,0.3858695652173913,0.21195652173913043,0.9237640129625437,0.7840637000015472,-0.03230245308805481,level+contact+shape,REJECT_CLOSE,B,,,
CHECK,HVN2,248,81,0.4274193548387097,0.3951612903225806,0.1774193548387097,1.0147493794849574,0.8978650677270692,0.08967776655881617,level+contact+shape,REJECT_CLOSE,D,,,
CHECK,HVN2,72,47,0.3888888888888889,0.4861111111111111,0.125,0.7939635833410458,1.3243458978261227,-0.2525509291477026,level+contact+shape,REJECT_CLOSE,P,,,
CHECK,HVN2,65,45,0.3076923076923077,0.4307692307692308,0.26153846153846155,0.6885619673199034,0.9544516688339917,-0.05764901054627919,level+contact+shape,REJECT_CLOSE,b,,,
CHECK,LVN,169,74,0.38461538461538464,0.38461538461538464,0.23076923076923078,0.740568801216215,0.8142480054571937,-0.11015919309755677,level+contact+shape,AT_LEVEL,B,,,
CHECK,LVN,61,42,0.4098360655737705,0.36065573770491804,0.22950819672131148,0.7908111956067174,0.9144928216196095,0.15058999566856074,level+contact+shape,AT_LEVEL,D,,,
CHECK,LVN,19,16,0.42105263157894735,0.42105263157894735,0.15789473684210525,1.035820795496415,1.1156004489337763,0.26112683303318707,level+contact+shape,AT_LEVEL,P,,,
CHECK,LVN,15,13,0.3333333333333333,0.5333333333333333,0.13333333333333333,0.4612943794137452,1.0989175170547347,-0.2479419410745234,level+contact+shape,AT_LEVEL,b,,,
CHECK,LVN,55,40,0.4727272727272727,0.4909090909090909,0.03636363636363636,1.0220937175901315,1.3893067617866337,-0.12208143507972766,level+contact+shape,BREAK_CLOSE,B,,,
CHECK,LVN,23,16,0.391304347826087,0.5217391304347826,0.08695652173913043,0.943698131231705,1.2348483725068644,-0.1367029627753848,level+contact+shape,BREAK_CLOSE,D,,,
CHECK,LVN,8,8,0.25,0.625,0.125,1.3830323472743022,1.3560721941442044,-0.2607278753262382,level+contact+shape,BREAK_CLOSE,P,,,
CHECK,LVN,3,3,1.0,0.0,0.0,2.370240393051399,2.3293896935791913,-2.3293896935791913,level+contact+shape,BREAK_CLOSE,b,,,
CHECK,LVN,210,80,0.3761904761904762,0.38095238095238093,0.24285714285714285,0.9002509177452273,0.8649388032167658,-0.024143717377407406,level+contact+shape,REJECT_CLOSE,B,,,
CHECK,LVN,77,51,0.3246753246753247,0.4025974025974026,0.2727272727272727,0.9858377254311531,0.9683024895351332,-0.04911914004181118,level+contact+shape,REJECT_CLOSE,D,,,
CHECK,LVN,25,20,0.36,0.4,0.24,0.6807243860084482,0.8751166200186735,-0.2046674727932187,level+contact+shape,REJECT_CLOSE,P,,,
CHECK,LVN,20,17,0.2,0.5,0.3,0.8154775417116941,1.1190766658291262,0.08495485896405978,level+contact+shape,REJECT_CLOSE,b,,,
CHECK,POC_HVN,201,78,0.39800995024875624,0.34328358208955223,0.25870646766169153,0.8728027077191791,0.7909377385153743,-0.04055299539170015,level+contact+shape,AT_LEVEL,B,,,
CHECK,POC_HVN,289,81,0.3875432525951557,0.3633217993079585,0.2491349480968858,0.7939388580649533,0.7691617020760099,0.03936075762059773,level+contact+shape,AT_LEVEL,D,,,
CHECK,POC_HVN,89,51,0.39325842696629215,0.4044943820224719,0.20224719101123595,0.8614160143437961,0.9111651393304475,-0.1087797132017023,level+contact+shape,AT_LEVEL,P,,,
CHECK,POC_HVN,66,41,0.4090909090909091,0.4090909090909091,0.18181818181818182,0.9168665401539804,0.8360672144546588,0.17003232211865957,level+contact+shape,AT_LEVEL,b,,,
CHECK,POC_HVN,58,43,0.43103448275862066,0.46551724137931033,0.10344827586206896,0.8751657783820463,1.1552984472377743,-0.36777954782376643,level+contact+shape,BREAK_CLOSE,B,,,
CHECK,POC_HVN,72,49,0.4583333333333333,0.4861111111111111,0.05555555555555555,1.1808972679098932,1.283506783910909,0.08707437497140744,level+contact+shape,BREAK_CLOSE,D,,,
CHECK,POC_HVN,25,23,0.56,0.32,0.12,1.062031432220826,0.6686288665519002,-0.2020198961282553,level+contact+shape,BREAK_CLOSE,P,,,
CHECK,POC_HVN,20,19,0.45,0.5,0.05,1.1702551604618008,1.5324151232344057,-0.32168702460546555,level+contact+shape,BREAK_CLOSE,b,,,
CHECK,POC_HVN,232,78,0.39655172413793105,0.35344827586206895,0.25,0.9086079612994307,0.8346844494153298,-0.01995679829345588,level+contact+shape,REJECT_CLOSE,B,,,
CHECK,POC_HVN,321,83,0.3644859813084112,0.411214953271028,0.22429906542056074,0.7802105655455048,0.8831266224401345,-0.08155701483459958,level+contact+shape,REJECT_CLOSE,D,,,
CHECK,POC_HVN,84,54,0.4166666666666667,0.36904761904761907,0.21428571428571427,0.7936919466224632,0.8337913407453836,0.185779768576214,level+contact+shape,REJECT_CLOSE,P,,,
CHECK,POC_HVN,104,61,0.3942307692307692,0.47115384615384615,0.1346153846153846,0.6230265614659682,1.0350714762125746,-0.18699983278282822,level+contact+shape,REJECT_CLOSE,b,,,
CHECK,VAH,133,65,0.37593984962406013,0.3684210526315789,0.2556390977443609,0.7231575903129726,0.885349342189284,-0.12886720295398113,level+contact+shape,AT_LEVEL,B,,,
CHECK,VAH,218,75,0.3669724770642202,0.43577981651376146,0.19724770642201836,0.8175198632689584,0.9133436864539919,0.0029704774145516443,level+contact+shape,AT_LEVEL,D,,,
CHECK,VAH,42,34,0.38095238095238093,0.47619047619047616,0.14285714285714285,0.8497823645912079,1.2564609572301766,0.06217989692471673,level+contact+shape,AT_LEVEL,P,,,
CHECK,VAH,47,36,0.3617021276595745,0.3829787234042553,0.2553191489361702,0.676143865466136,0.9530653336110748,-0.0736894164193577,level+contact+shape,AT_LEVEL,b,,,
CHECK,VAH,46,37,0.45652173913043476,0.45652173913043476,0.08695652173913043,0.8535684172035394,1.1507851184401194,-0.591253900608091,level+contact+shape,BREAK_CLOSE,B,,,
CHECK,VAH,72,51,0.375,0.5833333333333334,0.041666666666666664,1.042775663464743,1.4631176865646975,-0.24189756440170856,level+contact+shape,BREAK_CLOSE,D,,,
CHECK,VAH,26,19,0.46153846153846156,0.5,0.038461538461538464,1.0429241986895175,1.207987821721654,0.1414277539560654,level+contact+shape,BREAK_CLOSE,P,,,
CHECK,VAH,23,20,0.43478260869565216,0.4782608695652174,0.08695652173913043,1.0431069474436412,1.3659622943585141,-0.14387320229762063,level+contact+shape,BREAK_CLOSE,b,,,
CHECK,VAH,160,69,0.34375,0.4375,0.21875,0.7088543846382933,0.9435176488603452,-0.019911041588642445,level+contact+shape,REJECT_CLOSE,B,,,
CHECK,VAH,310,83,0.3870967741935484,0.4161290322580645,0.1967741935483871,0.9230677923826467,0.9735541836544503,0.044326412288890296,level+contact+shape,REJECT_CLOSE,D,,,
CHECK,VAH,61,47,0.4098360655737705,0.4426229508196721,0.14754098360655737,0.858504398826984,1.0322448594010796,-0.4230205083073408,level+contact+shape,REJECT_CLOSE,P,,,
CHECK,VAH,92,54,0.358695652173913,0.391304347826087,0.25,0.7946014043544065,0.835115173162777,0.18295347609504548,level+contact+shape,REJECT_CLOSE,b,,,
CHECK,VAL,125,66,0.36,0.408,0.232,0.7816883704560538,0.7389101114836122,-0.023911187019673787,level+contact+shape,AT_LEVEL,B,,,
CHECK,VAL,214,81,0.40186915887850466,0.4252336448598131,0.17289719626168223,0.9495745840648271,0.9741157848641795,-0.028841138768513602,level+contact+shape,AT_LEVEL,D,,,
CHECK,VAL,64,44,0.375,0.46875,0.15625,0.9560510590651783,1.0816423346352666,-0.0024947821867242585,level+contact+shape,AT_LEVEL,P,,,
CHECK,VAL,40,33,0.425,0.45,0.125,0.9973755141219203,0.906073298112791,0.06032713641603881,level+contact+shape,AT_LEVEL,b,,,
CHECK,VAL,36,27,0.5277777777777778,0.4444444444444444,0.027777777777777776,1.1909031954246156,1.1387727663778469,-0.17903860083014944,level+contact+shape,BREAK_CLOSE,B,,,
CHECK,VAL,76,52,0.42105263157894735,0.5131578947368421,0.06578947368421052,0.9346861491949721,1.3500939818015896,-0.5625108513522383,level+contact+shape,BREAK_CLOSE,D,,,
CHECK,VAL,15,14,0.6,0.4,0.0,1.7205734465258797,0.7617343717112244,0.5720749253461321,level+contact+shape,BREAK_CLOSE,P,,,
CHECK,VAL,18,17,0.5555555555555556,0.4444444444444444,0.0,1.174257491444533,1.8108244454225213,-0.9048655086816064,level+contact+shape,BREAK_CLOSE,b,,,
CHECK,VAL,147,65,0.3333333333333333,0.47619047619047616,0.19047619047619047,0.7644022603292528,0.9947085514834093,-0.0552743470337986,level+contact+shape,REJECT_CLOSE,B,,,
CHECK,VAL,308,83,0.44155844155844154,0.38961038961038963,0.16883116883116883,1.027580853851303,0.8956096606976631,0.10057409272805037,level+contact+shape,REJECT_CLOSE,D,,,
CHECK,VAL,84,49,0.39285714285714285,0.5119047619047619,0.09523809523809523,0.8221285633118046,1.195816518862233,-0.315210633311898,level+contact+shape,REJECT_CLOSE,P,,,
CHECK,VAL,67,45,0.40298507462686567,0.417910447761194,0.1791044776119403,0.9701463566132194,0.8586311835720178,-0.1473561852937636,level+contact+shape,REJECT_CLOSE,b,,,
DISCOVERY,HVN2,227,120,0.3436123348017621,0.3656387665198238,0.2907488986784141,0.6795685279187517,0.8102857603482347,-0.1082679836105608,level+contact+shape,AT_LEVEL,B,,,
DISCOVERY,HVN2,321,132,0.35202492211838005,0.3582554517133956,0.2897196261682243,0.7602080809520473,0.7907303370786449,-0.05513513513513907,level+contact+shape,AT_LEVEL,D,,,
DISCOVERY,HVN2,88,66,0.38636363636363635,0.38636363636363635,0.22727272727272727,0.8099547744147491,0.7191669627450834,0.11455920511897731,level+contact+shape,AT_LEVEL,P,,,
DISCOVERY,HVN2,94,68,0.2978723404255319,0.40425531914893614,0.2978723404255319,0.5684034309173163,0.774144224376347,-0.2451384351194996,level+contact+shape,AT_LEVEL,b,,,
DISCOVERY,HVN2,48,41,0.4583333333333333,0.3333333333333333,0.20833333333333334,1.009329860712107,0.9258838789627526,0.16049417245022837,level+contact+shape,BREAK_CLOSE,B,,,
DISCOVERY,HVN2,87,65,0.3333333333333333,0.5057471264367817,0.16091954022988506,0.7939106818894376,1.1947366713879521,-0.40940739594610365,level+contact+shape,BREAK_CLOSE,D,,,
DISCOVERY,HVN2,21,19,0.2857142857142857,0.6666666666666666,0.047619047619047616,0.4159061513553641,1.3957223051232992,-0.4921318468268495,level+contact+shape,BREAK_CLOSE,P,,,
DISCOVERY,HVN2,13,11,0.46153846153846156,0.46153846153846156,0.07692307692307693,0.6676923076923033,1.2582014522435234,-0.40421844246643285,level+contact+shape,BREAK_CLOSE,b,,,
DISCOVERY,HVN2,317,138,0.3438485804416404,0.38485804416403785,0.27129337539432175,0.7615098481614788,0.7320773930753617,0.061372745490982275,level+contact+shape,REJECT_CLOSE,B,,,
DISCOVERY,HVN2,469,149,0.3582089552238806,0.3816631130063966,0.2601279317697228,0.7215961573988462,0.8385129819040347,0.036580813736464574,level+contact+shape,REJECT_CLOSE,D,,,
DISCOVERY,HVN2,139,86,0.39568345323741005,0.4028776978417266,0.2014388489208633,0.8558740157480411,0.8441847915346891,0.08201058201059151,level+contact+shape,REJECT_CLOSE,P,,,
DISCOVERY,HVN2,117,81,0.29914529914529914,0.38461538461538464,0.3162393162393162,0.6347674378897905,0.7685916754907516,-0.13722244420344168,level+contact+shape,REJECT_CLOSE,b,,,
DISCOVERY,LVN,224,106,0.33482142857142855,0.42410714285714285,0.24107142857142858,0.5930637241068042,0.813115359646647,0.004419241502046558,level+contact+shape,AT_LEVEL,B,,,
DISCOVERY,LVN,74,58,0.3918918918918919,0.35135135135135137,0.25675675675675674,0.791848424462618,0.7989459417158422,-0.1809106120506565,level+contact+shape,AT_LEVEL,D,,,
DISCOVERY,LVN,34,30,0.35294117647058826,0.38235294117647056,0.2647058823529412,0.7939976424190209,0.9505097911777726,-0.11357640186592591,level+contact+shape,AT_LEVEL,P,,,
DISCOVERY,LVN,28,26,0.42857142857142855,0.42857142857142855,0.14285714285714285,0.9501271944751534,0.8409686987127124,-0.11408792167694679,level+contact+shape,AT_LEVEL,b,,,
DISCOVERY,LVN,92,67,0.3804347826086957,0.4891304347826087,0.13043478260869565,0.6423023260466112,1.1825620175683547,-0.4099885915259682,level+contact+shape,BREAK_CLOSE,B,,,
DISCOVERY,LVN,33,32,0.36363636363636365,0.45454545454545453,0.18181818181818182,0.4251335677428191,1.1433087460484708,-0.49216941880979265,level+contact+shape,BREAK_CLOSE,D,,,
DISCOVERY,LVN,16,15,0.375,0.5,0.125,0.5920273107946872,0.8414455742408037,-0.22329555494921388,level+contact+shape,BREAK_CLOSE,P,,,
DISCOVERY,LVN,18,17,0.2222222222222222,0.6111111111111112,0.16666666666666666,0.4716500093234728,1.475591451740552,-0.2634325016560768,level+contact+shape,BREAK_CLOSE,b,,,
DISCOVERY,LVN,343,136,0.39067055393586003,0.3935860058309038,0.21574344023323616,0.867181618826301,0.8263995440796175,-0.06205415887526478,level+contact+shape,REJECT_CLOSE,B,,,
DISCOVERY,LVN,126,85,0.36507936507936506,0.373015873015873,0.2619047619047619,0.7906767236531148,0.7389598917591358,0.08461288471477851,level+contact+shape,REJECT_CLOSE,D,,,
DISCOVERY,LVN,56,47,0.4107142857142857,0.48214285714285715,0.10714285714285714,0.9850744742799539,1.017569338292937,0.02469929512068733,level+contact+shape,REJECT_CLOSE,P,,,
DISCOVERY,LVN,49,41,0.32653061224489793,0.40816326530612246,0.2653061224489796,0.7872782564622469,0.9391966729501486,-0.28448586960270195,level+contact+shape,REJECT_CLOSE,b,,,
DISCOVERY,POC_HVN,270,131,0.3925925925925926,0.3888888888888889,0.21851851851851853,0.817559108607824,0.7799589245742851,-0.021383629976410804,level+contact+shape,AT_LEVEL,B,,,
DISCOVERY,POC_HVN,510,151,0.34901960784313724,0.3784313725490196,0.2725490196078431,0.7080913556669268,0.8016740305117969,-0.07056564741156487,level+contact+shape,AT_LEVEL,D,,,
DISCOVERY,POC_HVN,156,91,0.3974358974358974,0.3974358974358974,0.20512820512820512,0.8866908100597197,0.8661325819697752,0.07551807253081724,level+contact+shape,AT_LEVEL,P,,,
DISCOVERY,POC_HVN,147,86,0.3333333333333333,0.42857142857142855,0.23809523809523808,0.7028489555214101,0.9640003103421498,-0.13839891451837538,level+contact+shape,AT_LEVEL,b,,,
DISCOVERY,POC_HVN,83,60,0.5060240963855421,0.3855421686746988,0.10843373493975904,1.2484359416084907,0.9818793592933885,0.15948139774105102,level+contact+shape,BREAK_CLOSE,B,,,
DISCOVERY,POC_HVN,114,81,0.45614035087719296,0.4298245614035088,0.11403508771929824,1.039917008579079,0.9943966136393732,-0.04024014245173803,level+contact+shape,BREAK_CLOSE,D,,,
DISCOVERY,POC_HVN,37,35,0.2972972972972973,0.4864864864864865,0.21621621621621623,0.43697879437701553,1.2588294022213788,-0.530383930841616,level+contact+shape,BREAK_CLOSE,P,,,
DISCOVERY,POC_HVN,31,26,0.45161290322580644,0.3870967741935484,0.16129032258064516,1.2607305167480283,1.2404954886068225,-0.023565056387813615,level+contact+shape,BREAK_CLOSE,b,,,
DISCOVERY,POC_HVN,396,140,0.3484848484848485,0.3383838383838384,0.31313131313131315,0.7728060690178511,0.7314146148089822,-0.012096901148835255,level+contact+shape,REJECT_CLOSE,B,,,
DISCOVERY,POC_HVN,710,154,0.35070422535211265,0.3929577464788732,0.2563380281690141,0.6925430505303022,0.7895335761641611,-0.002591192327531233,level+contact+shape,REJECT_CLOSE,D,,,
DISCOVERY,POC_HVN,229,112,0.4017467248908297,0.39737991266375544,0.20087336244541484,0.8494755817764573,0.9380310192560124,-0.0028903444602419383,level+contact+shape,REJECT_CLOSE,P,,,
DISCOVERY,POC_HVN,149,91,0.4161073825503356,0.3691275167785235,0.21476510067114093,0.9643372958560196,0.7202721216988816,0.12565637553691944,level+contact+shape,REJECT_CLOSE,b,,,
DISCOVERY,VAH,171,105,0.30409356725146197,0.4327485380116959,0.2631578947368421,0.6067183875337356,0.8686287229562859,-0.11084399249698931,level+contact+shape,AT_LEVEL,B,,,
DISCOVERY,VAH,362,135,0.4088397790055249,0.356353591160221,0.23480662983425415,0.8468557652818708,0.8465930496418048,-0.108531408241171,level+contact+shape,AT_LEVEL,D,,,
DISCOVERY,VAH,80,64,0.35,0.4125,0.2375,0.7515096946980588,0.9701551528082295,-0.25375932162122944,level+contact+shape,AT_LEVEL,P,,,
DISCOVERY,VAH,99,67,0.40404040404040403,0.3838383838383838,0.21212121212121213,0.8771557442292337,0.751720512330341,0.0634809905824539,level+contact+shape,AT_LEVEL,b,,,
DISCOVERY,VAH,57,47,0.38596491228070173,0.40350877192982454,0.21052631578947367,0.7720836142953456,0.9447360885749861,0.04225074037511199,level+contact+shape,BREAK_CLOSE,B,,,
DISCOVERY,VAH,149,91,0.4161073825503356,0.40268456375838924,0.18120805369127516,0.9234619825169165,0.8829856781220576,0.03593183218123331,level+contact+shape,BREAK_CLOSE,D,,,
DISCOVERY,VAH,43,42,0.4883720930232558,0.3953488372093023,0.11627906976744186,1.1879556730740544,1.251308553634149,-0.7214142210345295,level+contact+shape,BREAK_CLOSE,P,,,
DISCOVERY,VAH,40,35,0.35,0.525,0.125,0.8376555999917115,1.2046632114643747,-0.5081074373262909,level+contact+shape,BREAK_CLOSE,b,,,
DISCOVERY,VAH,265,124,0.33962264150943394,0.39245283018867927,0.2679245283018868,0.7630300765925694,0.8614391143911446,-0.18073124241900962,level+contact+shape,REJECT_CLOSE,B,,,
DISCOVERY,VAH,599,154,0.3823038397328882,0.4023372287145242,0.21535893155258765,0.807870623882014,0.8769619346438405,-0.026784204225906546,level+contact+shape,REJECT_CLOSE,D,,,
DISCOVERY,VAH,135,85,0.4666666666666667,0.35555555555555557,0.17777777777777778,1.0748329707145212,0.9134455684735127,0.09503975766754481,level+contact+shape,REJECT_CLOSE,P,,,
DISCOVERY,VAH,169,93,0.34911242603550297,0.40828402366863903,0.24260355029585798,0.6563169164882138,0.9235695986336362,-0.08713460219594113,level+contact+shape,REJECT_CLOSE,b,,,
DISCOVERY,VAL,181,104,0.3867403314917127,0.35911602209944754,0.2541436464088398,0.8480373220812351,0.775699935883745,-0.09200143902147014,level+contact+shape,AT_LEVEL,B,,,
DISCOVERY,VAL,378,138,0.37037037037037035,0.40476190476190477,0.22486772486772486,0.7745723608722701,0.8929370263740994,-0.15266559676206506,level+contact+shape,AT_LEVEL,D,,,
DISCOVERY,VAL,132,85,0.3939393939393939,0.3560606060606061,0.25,0.8760062931264614,0.7730814427363052,-0.09137094910524558,level+contact+shape,AT_LEVEL,P,,,
DISCOVERY,VAL,57,46,0.49122807017543857,0.40350877192982454,0.10526315789473684,1.144442777861112,1.066958277254385,-0.2568414615502218,level+contact+shape,AT_LEVEL,b,,,
DISCOVERY,VAL,62,52,0.3548387096774194,0.532258064516129,0.11290322580645161,0.9053533458294767,1.3079592706048533,-0.6867854280682002,level+contact+shape,BREAK_CLOSE,B,,,
DISCOVERY,VAL,127,84,0.3228346456692913,0.48031496062992124,0.1968503937007874,0.6692540704278673,1.1540600806754757,-0.4291319274153998,level+contact+shape,BREAK_CLOSE,D,,,
DISCOVERY,VAL,41,36,0.43902439024390244,0.43902439024390244,0.12195121951219512,1.39466056445462,0.910839884153894,0.2919176540676506,level+contact+shape,BREAK_CLOSE,P,,,
DISCOVERY,VAL,40,34,0.45,0.5,0.05,1.0818940268005128,1.16510734439472,-0.19267863600561752,level+contact+shape,BREAK_CLOSE,b,,,
DISCOVERY,VAL,278,129,0.35251798561151076,0.38848920863309355,0.2589928057553957,0.8064096906887288,0.7210135904573709,0.07226064023136487,level+contact+shape,REJECT_CLOSE,B,,,
DISCOVERY,VAL,603,148,0.4295190713101161,0.35655058043117743,0.21393034825870647,0.9351614685349813,0.7642102310242319,-0.043067179371178384,level+contact+shape,REJECT_CLOSE,D,,,
DISCOVERY,VAL,190,108,0.35789473684210527,0.4105263157894737,0.23157894736842105,0.8220778558850488,0.8174260440050367,-0.02995485630531399,level+contact+shape,REJECT_CLOSE,P,,,
DISCOVERY,VAL,116,74,0.4051724137931034,0.3793103448275862,0.21551724137931033,0.815439733201429,0.9012546707854616,-0.21247096029293444,level+contact+shape,REJECT_CLOSE,b,,,
VALIDATION,HVN2,73,45,0.3561643835616438,0.3972602739726027,0.2465753424657534,0.8923971677578584,0.8735350734214944,-0.0786862718152973,level+contact+shape,AT_LEVEL,B,,,
VALIDATION,HVN2,130,45,0.4076923076923077,0.36153846153846153,0.23076923076923078,0.9111814161743452,0.916720095612248,-0.03552060322097296,level+contact+shape,AT_LEVEL,D,,,
VALIDATION,HVN2,24,21,0.3333333333333333,0.4583333333333333,0.20833333333333334,0.8944751014599039,1.069548531495252,-0.20788088544769273,level+contact+shape,AT_LEVEL,P,,,
VALIDATION,HVN2,23,16,0.34782608695652173,0.391304347826087,0.2608695652173913,0.7143277867766101,0.6214492753623208,-0.02708272004709159,level+contact+shape,AT_LEVEL,b,,,
VALIDATION,HVN2,28,24,0.5714285714285714,0.25,0.17857142857142858,1.2126604070825544,0.9023265461462825,0.09880073640916123,level+contact+shape,BREAK_CLOSE,B,,,
VALIDATION,HVN2,40,27,0.45,0.475,0.075,1.1674446908421476,1.1124327754903454,-0.15733401196911212,level+contact+shape,BREAK_CLOSE,D,,,
VALIDATION,HVN2,9,9,0.3333333333333333,0.4444444444444444,0.2222222222222222,0.4903895618014407,1.1636372143074452,-0.5129235596905705,level+contact+shape,BREAK_CLOSE,P,,,
VALIDATION,HVN2,4,3,0.25,0.75,0.0,0.7533855281459096,1.4518440024094734,-0.6555286191837946,level+contact+shape,BREAK_CLOSE,b,,,
VALIDATION,HVN2,126,44,0.4603174603174603,0.3492063492063492,0.19047619047619047,0.9374784315796296,0.818763929333514,-0.14770584335750153,level+contact+shape,REJECT_CLOSE,B,,,
VALIDATION,HVN2,173,50,0.41040462427745666,0.41040462427745666,0.1791907514450867,0.8978585043166374,0.8907191883020005,-0.09961435015867148,level+contact+shape,REJECT_CLOSE,D,,,
VALIDATION,HVN2,41,31,0.4634146341463415,0.36585365853658536,0.17073170731707318,0.7696324677167474,0.8720571577938426,-0.11110860595675826,level+contact+shape,REJECT_CLOSE,P,,,
VALIDATION,HVN2,62,33,0.3709677419354839,0.4032258064516129,0.22580645161290322,0.8424193520996046,0.7808687362015931,0.0331840272929161,level+contact+shape,REJECT_CLOSE,b,,,
VALIDATION,LVN,83,42,0.3253012048192771,0.40963855421686746,0.26506024096385544,0.7689016513489711,0.8072636887460091,-0.09658431612480443,level+contact+shape,AT_LEVEL,B,,,
VALIDATION,LVN,27,22,0.4444444444444444,0.25925925925925924,0.2962962962962963,0.894164831054401,0.6360462796728198,0.37798264642082846,level+contact+shape,AT_LEVEL,D,,,
VALIDATION,LVN,14,12,0.35714285714285715,0.5,0.14285714285714285,0.630023579174513,1.1430962564441765,-0.8592059336025457,level+contact+shape,AT_LEVEL,P,,,
VALIDATION,LVN,12,11,0.25,0.5,0.25,0.6246897062695547,0.9846064226594102,-0.40975225639890356,level+contact+shape,AT_LEVEL,b,,,
VALIDATION,LVN,31,26,0.3548387096774194,0.5806451612903226,0.06451612903225806,0.7227453442142611,1.5649223621469657,-0.40216279409615374,level+contact+shape,BREAK_CLOSE,B,,,
VALIDATION,LVN,6,6,0.3333333333333333,0.6666666666666666,0.0,0.3707494667318987,1.4722999382583286,-0.7746870457101579,level+contact+shape,BREAK_CLOSE,D,,,
VALIDATION,LVN,3,3,0.0,0.3333333333333333,0.6666666666666666,0.6859148338792526,0.6743409764467401,0.372835124869848,level+contact+shape,BREAK_CLOSE,P,,,
VALIDATION,LVN,7,7,0.0,0.8571428571428571,0.14285714285714285,0.21835708298408257,1.3235803785657156,-1.1526703990047071,level+contact+shape,BREAK_CLOSE,b,,,
VALIDATION,LVN,108,46,0.4444444444444444,0.32407407407407407,0.23148148148148148,0.9571664074854114,0.7434934584392394,-0.06828143649972322,level+contact+shape,REJECT_CLOSE,B,,,
VALIDATION,LVN,38,29,0.2894736842105263,0.4473684210526316,0.2631578947368421,0.6443609096529455,0.9120049824606091,-0.06416331545393326,level+contact+shape,REJECT_CLOSE,D,,,
VALIDATION,LVN,14,12,0.35714285714285715,0.35714285714285715,0.2857142857142857,0.9452039489686296,0.6828408734075945,0.4168279157342274,level+contact+shape,REJECT_CLOSE,P,,,
VALIDATION,LVN,11,11,0.5454545454545454,0.2727272727272727,0.18181818181818182,1.0890330901616234,0.6477816582589787,-0.09364894580260513,level+contact+shape,REJECT_CLOSE,b,,,
VALIDATION,POC_HVN,97,47,0.422680412371134,0.35051546391752575,0.2268041237113402,0.8472439200044274,0.6818552913562663,-0.10438781546839876,level+contact+shape,AT_LEVEL,B,,,
VALIDATION,POC_HVN,181,50,0.3867403314917127,0.40331491712707185,0.20994475138121546,0.7494402064594632,0.8867391707950991,-0.00048052170927737335,level+contact+shape,AT_LEVEL,D,,,
VALIDATION,POC_HVN,49,35,0.2653061224489796,0.5714285714285714,0.16326530612244897,0.37737213085123444,1.3222254782936256,-0.3939852150537631,level+contact+shape,AT_LEVEL,P,,,
VALIDATION,POC_HVN,47,33,0.3191489361702128,0.5106382978723404,0.1702127659574468,0.8943239501615045,1.1556769602018826,-0.4276989990466954,level+contact+shape,AT_LEVEL,b,,,
VALIDATION,POC_HVN,28,21,0.39285714285714285,0.39285714285714285,0.21428571428571427,0.8075024607578215,1.0050049024836474,-0.18756335086837966,level+contact+shape,BREAK_CLOSE,B,,,
VALIDATION,POC_HVN,51,31,0.43137254901960786,0.43137254901960786,0.13725490196078433,0.899678821084446,0.8898319148431955,-0.27340434744955017,level+contact+shape,BREAK_CLOSE,D,,,
VALIDATION,POC_HVN,15,13,0.4,0.4666666666666667,0.13333333333333333,0.8158814903936521,2.076236566792396,-0.38339117920932747,level+contact+shape,BREAK_CLOSE,P,,,
VALIDATION,POC_HVN,12,10,0.5833333333333334,0.25,0.16666666666666666,1.1589660918066464,1.3522893500393496,0.1624634733284399,level+contact+shape,BREAK_CLOSE,b,,,
VALIDATION,POC_HVN,122,49,0.36065573770491804,0.45081967213114754,0.1885245901639344,0.7692869377955271,1.03522220645646,0.013043492118868731,level+contact+shape,REJECT_CLOSE,B,,,
VALIDATION,POC_HVN,220,52,0.4590909090909091,0.34545454545454546,0.19545454545454546,0.9886721340815565,0.6775962212383633,0.15155362485577972,level+contact+shape,REJECT_CLOSE,D,,,
VALIDATION,POC_HVN,80,34,0.3625,0.375,0.2625,0.71448717405762,0.806789879368242,0.1307852197090562,level+contact+shape,REJECT_CLOSE,P,,,
VALIDATION,POC_HVN,61,33,0.5245901639344263,0.36065573770491804,0.11475409836065574,1.255753073317412,0.5704537334762371,0.15406708088664178,level+contact+shape,REJECT_CLOSE,b,,,
VALIDATION,VAH,71,40,0.23943661971830985,0.49295774647887325,0.2676056338028169,0.621060275962249,0.9858027757213442,-0.19728557436686686,level+contact+shape,AT_LEVEL,B,,,
VALIDATION,VAH,146,50,0.410958904109589,0.4315068493150685,0.15753424657534246,0.9044918471292651,0.9745230705630699,-0.11812818090391755,level+contact+shape,AT_LEVEL,D,,,
VALIDATION,VAH,29,23,0.41379310344827586,0.41379310344827586,0.1724137931034483,1.0810176360827393,0.8930148892213298,0.44101343860692716,level+contact+shape,AT_LEVEL,P,,,
VALIDATION,VAH,45,30,0.35555555555555557,0.4444444444444444,0.2,0.8492827492571611,0.9981346067751093,0.08632675023996102,level+contact+shape,AT_LEVEL,b,,,
VALIDATION,VAH,37,29,0.5135135135135135,0.35135135135135137,0.13513513513513514,1.4596101730248066,0.7589310620571638,0.16568118636336276,level+contact+shape,BREAK_CLOSE,B,,,
VALIDATION,VAH,47,35,0.44680851063829785,0.40425531914893614,0.14893617021276595,1.6192079103771406,0.9808523173605442,0.22189301586735766,level+contact+shape,BREAK_CLOSE,D,,,
VALIDATION,VAH,10,10,0.4,0.6,0.0,0.9249190329910026,1.5034771043550421,-0.8706301344104999,level+contact+shape,BREAK_CLOSE,P,,,
VALIDATION,VAH,9,7,0.4444444444444444,0.4444444444444444,0.1111111111111111,1.0495185694635392,1.9695518394649014,-0.7679248423427537,level+contact+shape,BREAK_CLOSE,b,,,
VALIDATION,VAH,107,45,0.3925233644859813,0.3177570093457944,0.2897196261682243,0.7846258688837344,0.7452192242028941,-0.2472574173271879,level+contact+shape,REJECT_CLOSE,B,,,
VALIDATION,VAH,203,52,0.3793103448275862,0.39901477832512317,0.22167487684729065,0.8861395964273862,0.8749592713844662,0.08540496226461565,level+contact+shape,REJECT_CLOSE,D,,,
VALIDATION,VAH,44,27,0.5,0.2727272727272727,0.22727272727272727,1.0977094943609353,0.6696979339939194,0.10776652147982196,level+contact+shape,REJECT_CLOSE,P,,,
VALIDATION,VAH,54,27,0.4444444444444444,0.3333333333333333,0.2222222222222222,0.8991675864772029,0.5978519560148112,0.06507630680393761,level+contact+shape,REJECT_CLOSE,b,,,
VALIDATION,VAL,74,40,0.2972972972972973,0.5,0.20270270270270271,0.7242408879056338,1.068178228243216,-0.029601644034594123,level+contact+shape,AT_LEVEL,B,,,
VALIDATION,VAL,130,47,0.36153846153846153,0.4307692307692308,0.2076923076923077,0.8775281585550272,0.9662818542787773,-0.02740660967631736,level+contact+shape,AT_LEVEL,D,,,
VALIDATION,VAL,32,25,0.34375,0.34375,0.3125,0.7854971578161583,0.9708349381197796,-0.045428726991402366,level+contact+shape,AT_LEVEL,P,,,
VALIDATION,VAL,20,17,0.5,0.45,0.05,1.0186741864408728,1.0385489047665704,-0.3149127114979577,level+contact+shape,AT_LEVEL,b,,,
VALIDATION,VAL,19,15,0.5263157894736842,0.3684210526315789,0.10526315789473684,1.2495118767945623,0.9298495992973967,0.28882035466460415,level+contact+shape,BREAK_CLOSE,B,,,
VALIDATION,VAL,56,35,0.44642857142857145,0.4642857142857143,0.08928571428571429,1.3212810829600015,1.0625359841806057,-0.0474617832630949,level+contact+shape,BREAK_CLOSE,D,,,
VALIDATION,VAL,9,7,0.2222222222222222,0.7777777777777778,0.0,0.3102463130260294,2.087151288454857,-0.8223488963300593,level+contact+shape,BREAK_CLOSE,P,,,
VALIDATION,VAL,17,13,0.4117647058823529,0.5294117647058824,0.058823529411764705,1.2008107897403884,1.1343924431086416,-0.42404558811282556,level+contact+shape,BREAK_CLOSE,b,,,
VALIDATION,VAL,81,42,0.345679012345679,0.38271604938271603,0.2716049382716049,0.8844425259629887,0.8918057895542973,-0.4061050477489728,level+contact+shape,REJECT_CLOSE,B,,,
VALIDATION,VAL,182,51,0.4010989010989011,0.4340659340659341,0.16483516483516483,0.6712646370707192,0.967409429192794,-0.2590286555721032,level+contact+shape,REJECT_CLOSE,D,,,
VALIDATION,VAL,55,34,0.3090909090909091,0.4727272727272727,0.21818181818181817,0.7261926393917056,1.0002011169727236,-0.3548411214953404,level+contact+shape,REJECT_CLOSE,P,,,
VALIDATION,VAL,40,25,0.5,0.325,0.175,1.088012874070091,0.8694072695726716,0.07094759072468636,level+contact+shape,REJECT_CLOSE,b,,,
CHECK,HVN2,400,83,0.425,0.4125,0.1625,0.962296628032705,0.9324699543603818,0.10159529560083741,level+oi_state,,,BUILD,,
CHECK,HVN2,400,83,0.415,0.3975,0.1875,0.9418716809365081,0.9037283477238771,0.004125915641651263,level+oi_state,,,STABLE,,
CHECK,HVN2,385,85,0.38181818181818183,0.38701298701298703,0.23116883116883116,0.8215931192462302,0.8285103139675393,0.0,level+oi_state,,,UNWIND,,
CHECK,LVN,214,75,0.4252336448598131,0.37850467289719625,0.19626168224299065,1.043892805051024,0.9369349569298044,0.15087132345195808,level+oi_state,,,BUILD,,
CHECK,LVN,236,76,0.3940677966101695,0.4491525423728814,0.15677966101694915,0.8891224698518961,1.1079679181260778,-0.12011707134332514,level+oi_state,,,STABLE,,
CHECK,LVN,235,79,0.32340425531914896,0.3872340425531915,0.28936170212765955,0.7908111956067174,0.8869356472162113,-0.030780726839017794,level+oi_state,,,UNWIND,,
CHECK,POC_HVN,423,84,0.41134751773049644,0.425531914893617,0.16312056737588654,0.9341931628613326,0.9954954366815172,-0.051203461642466995,level+oi_state,,,BUILD,,
CHECK,POC_HVN,643,84,0.39813374805598756,0.39035769828926903,0.2115085536547434,0.8728027077191791,0.8519125556915123,-0.04059425294845454,level+oi_state,,,STABLE,,
CHECK,POC_HVN,495,85,0.3838383838383838,0.36363636363636365,0.25252525252525254,0.7155497262298767,0.7630211480362702,-0.0021001729554162556,level+oi_state,,,UNWIND,,
CHECK,VAH,418,83,0.3875598086124402,0.46172248803827753,0.1507177033492823,0.7529095215366248,1.0920176250422595,-0.16898942857744145,level+oi_state,,,BUILD,,
CHECK,VAH,448,84,0.3861607142857143,0.421875,0.19196428571428573,0.8985334688823152,0.908924517093745,0.03984999474247189,level+oi_state,,,STABLE,,
CHECK,VAH,364,85,0.3598901098901099,0.40934065934065933,0.23076923076923078,0.8170496934817291,0.9169002828998745,-0.011105324001786081,level+oi_state,,,UNWIND,,
CHECK,VAL,320,82,0.4625,0.428125,0.109375,1.045034088933292,0.9599518557305364,-0.004121748972274837,level+oi_state,,,BUILD,,
CHECK,VAL,442,84,0.40497737556561086,0.43891402714932126,0.15610859728506787,0.966926149137554,1.0041659194389667,-0.11503865691611283,level+oi_state,,,STABLE,,
CHECK,VAL,432,84,0.37037037037037035,0.4375,0.19212962962962962,0.8246430953730448,0.9205386467207388,-0.005674105910354478,level+oi_state,,,UNWIND,,
DISCOVERY,HVN2,846,155,0.3640661938534279,0.3877068557919622,0.24822695035460993,0.776672107990205,0.8804814818160724,-0.0010758033999246144,level+oi_state,,,BUILD,,
DISCOVERY,HVN2,377,140,0.33156498673740054,0.41644562334217505,0.2519893899204244,0.6896448672610537,0.8554848209258936,-0.172870436649912,level+oi_state,,,STABLE,,
DISCOVERY,HVN2,718,151,0.34818941504178275,0.37186629526462395,0.2799442896935933,0.7433016323326007,0.7767328077782685,-0.006521330441188649,level+oi_state,,,UNWIND,,
DISCOVERY,LVN,498,149,0.3795180722891566,0.42570281124497994,0.19477911646586346,0.7959603124381422,0.936327908288037,-0.10315012166194011,level+oi_state,,,BUILD,,
DISCOVERY,LVN,204,113,0.3431372549019608,0.4117647058823529,0.24509803921568626,0.749659005364083,0.8505711225682084,-0.016974227905974165,level+oi_state,,,STABLE,,
DISCOVERY,LVN,391,139,0.37084398976982097,0.4040920716112532,0.22506393861892582,0.7084693006677012,0.7871911667934348,-0.08141507148048273,level+oi_state,,,UNWIND,,
DISCOVERY,POC_HVN,1177,155,0.3976210705182668,0.4035683942225998,0.1988105352591334,0.8725420956770836,0.8703933106224793,0.009151523074911735,level+oi_state,,,BUILD,,
DISCOVERY,POC_HVN,603,149,0.36650082918739635,0.36318407960199006,0.2703150912106136,0.7749001035962496,0.7563346613545713,-0.0579843534284167,level+oi_state,,,STABLE,,
DISCOVERY,POC_HVN,1052,155,0.34790874524714827,0.37927756653992395,0.27281368821292773,0.7214839411770074,0.7920647553808078,-0.03932324964049891,level+oi_state,,,UNWIND,,
DISCOVERY,VAH,967,155,0.38883143743536713,0.40641158221303,0.2047569803516029,0.8234014451091689,0.9134455684735127,-0.08393164953826361,level+oi_state,,,BUILD,,
DISCOVERY,VAH,443,140,0.3656884875846501,0.41309255079006774,0.22121896162528218,0.7720836142953456,0.9181708784597237,-0.2120862835500731,level+oi_state,,,STABLE,,
DISCOVERY,VAH,759,153,0.3820816864295125,0.3702239789196311,0.24769433465085638,0.8046976046355105,0.8175302549641785,0.016334864726886653,level+oi_state,,,UNWIND,,
DISCOVERY,VAL,932,154,0.4055793991416309,0.4055793991416309,0.1888412017167382,0.9206258026290692,0.9010042366735547,-0.0824962369088093,level+oi_state,,,BUILD,,
DISCOVERY,VAL,460,144,0.3739130434782609,0.40869565217391307,0.21739130434782608,0.7885701602333339,0.874545369224564,-0.18727977923217615,level+oi_state,,,STABLE,,
DISCOVERY,VAL,813,154,0.38253382533825336,0.3677736777367774,0.24969249692496925,0.7810236897017443,0.7668706903230463,-0.0814460835237895,level+oi_state,,,UNWIND,,
VALIDATION,HVN2,268,53,0.4701492537313433,0.3656716417910448,0.16417910447761194,1.0584303133917126,0.9033594404565635,-0.0732477558778322,level+oi_state,,,BUILD,,
VALIDATION,HVN2,193,50,0.39378238341968913,0.44041450777202074,0.16580310880829016,0.9512306675927134,0.9441609372692467,-0.1235187267537353,level+oi_state,,,STABLE,,
VALIDATION,HVN2,272,53,0.375,0.3713235294117647,0.2536764705882353,0.715685880845528,0.8373450209688327,-0.04714002280884264,level+oi_state,,,UNWIND,,
VALIDATION,LVN,138,49,0.3695652173913043,0.43478260869565216,0.1956521739130435,0.8464567243325682,0.9905071576270879,-0.11321365310924666,level+oi_state,,,BUILD,,
VALIDATION,LVN,74,44,0.4189189189189189,0.3918918918918919,0.1891891891891892,0.905039884177538,0.7838700789962261,0.1543478113683722,level+oi_state,,,STABLE,,
VALIDATION,LVN,142,50,0.3380281690140845,0.38028169014084506,0.28169014084507044,0.7362158775693034,0.7535124223346121,-0.08740300920446051,level+oi_state,,,UNWIND,,
VALIDATION,POC_HVN,350,53,0.4142857142857143,0.44285714285714284,0.14285714285714285,0.9120835160445371,1.0271947119707816,-0.0980700444328315,level+oi_state,,,BUILD,,
VALIDATION,POC_HVN,311,53,0.3890675241157556,0.42443729903536975,0.1864951768488746,0.8049185776005298,0.9457924047798757,-0.044059526713837616,level+oi_state,,,STABLE,,
VALIDATION,POC_HVN,302,52,0.4139072847682119,0.32450331125827814,0.26158940397350994,0.8619382434202634,0.7202695463479842,0.08643638603375377,level+oi_state,,,UNWIND,,
VALIDATION,VAH,335,53,0.3970149253731343,0.4,0.20298507462686566,0.9756728778467907,0.9585722982281785,-0.005569747476866795,level+oi_state,,,BUILD,,
VALIDATION,VAH,233,53,0.4034334763948498,0.40772532188841204,0.1888412017167382,0.8677433435181144,0.8816928751698936,0.024774544835786654,level+oi_state,,,STABLE,,
VALIDATION,VAH,234,53,0.3888888888888889,0.37606837606837606,0.23504273504273504,0.7819355459340239,0.847475124371592,-0.07176706308036741,level+oi_state,,,UNWIND,,
VALIDATION,VAL,269,53,0.3940520446096654,0.43866171003717475,0.16728624535315986,0.9434359447483619,1.015909972836648,-0.04704163623082512,level+oi_state,,,BUILD,,
VALIDATION,VAL,195,52,0.37948717948717947,0.46153846153846156,0.15897435897435896,0.8826156058427246,1.0535610237102313,-0.18819948638280945,level+oi_state,,,STABLE,,
VALIDATION,VAL,251,53,0.3665338645418327,0.4103585657370518,0.22310756972111553,0.6516300172496227,0.8655626721534657,-0.18377829919462907,level+oi_state,,,UNWIND,,
CHECK,HVN2,351,84,0.4415954415954416,0.3789173789173789,0.1794871794871795,0.9912621487953952,0.7822809403535407,-0.012123120522715186,level+crowd_state,,,,AGAINST,
CHECK,HVN2,200,76,0.43,0.38,0.19,1.03650644461992,0.8286902583106631,0.11754844470307577,level+crowd_state,,,,NEUTRAL,
CHECK,HVN2,634,84,0.38170347003154576,0.416403785488959,0.20189274447949526,0.8535394556669771,0.948622671357705,0.021436225381544476,level+crowd_state,,,,WITH,
CHECK,LVN,100,53,0.39,0.41,0.2,0.9273666759538282,0.9088357995519765,0.15779589568085603,level+crowd_state,,,,AGAINST,
CHECK,LVN,119,66,0.40336134453781514,0.3025210084033613,0.29411764705882354,0.8301644992541858,0.8135790134070934,-0.06440968366278522,level+crowd_state,,,,NEUTRAL,
CHECK,LVN,466,84,0.37124463519313305,0.4313304721030043,0.19742489270386265,0.8870308693104427,1.0517449888293688,-0.08196921626974435,level+crowd_state,,,,WITH,
CHECK,POC_HVN,439,83,0.3826879271070615,0.4009111617312073,0.2164009111617312,0.8006091757091031,0.8497319438587826,-0.057069143446862945,level+crowd_state,,,,AGAINST,
CHECK,POC_HVN,307,82,0.4169381107491857,0.3485342019543974,0.23452768729641693,0.9142416879037545,0.7259203900425156,0.11311712916527344,level+crowd_state,,,,NEUTRAL,
CHECK,POC_HVN,815,84,0.39754601226993863,0.40245398773006136,0.2,0.8555698293264739,0.8979014383399935,-0.04059425294845454,level+crowd_state,,,,WITH,
CHECK,VAH,407,84,0.39803439803439805,0.40786240786240785,0.1941031941031941,0.834719863124085,0.8991108178590537,0.06909934612952014,level+crowd_state,,,,AGAINST,
CHECK,VAH,225,79,0.3511111111111111,0.4488888888888889,0.2,0.7596015967135608,0.9730708886036287,-0.016690295141146252,level+crowd_state,,,,NEUTRAL,
CHECK,VAH,598,84,0.3762541806020067,0.4414715719063545,0.18227424749163879,0.851671444157257,1.0344835385512963,-0.07456523082825636,level+crowd_state,,,,WITH,
CHECK,VAL,423,84,0.425531914893617,0.41371158392434987,0.1607565011820331,1.046233136274039,0.9246186937817878,-0.01573101689787806,level+crowd_state,,,,AGAINST,
CHECK,VAL,249,83,0.41767068273092367,0.4457831325301205,0.13654618473895583,0.8671480522198702,1.0153782211138795,-0.11392226148410717,level+crowd_state,,,,NEUTRAL,
CHECK,VAL,522,85,0.3888888888888889,0.4482758620689655,0.16283524904214558,0.8535628682230515,0.9816290273706247,-0.032456732462010425,level+crowd_state,,,,WITH,
DISCOVERY,HVN2,631,152,0.39144215530903326,0.34231378763866877,0.2662440570522979,0.7895788085634605,0.7462087421944554,0.08599256068911003,level+crowd_state,,,,AGAINST,
DISCOVERY,HVN2,417,138,0.3117505995203837,0.4148681055155875,0.2733812949640288,0.6317289047123267,0.8578431372548918,-0.056904218242992126,level+crowd_state,,,,NEUTRAL,
DISCOVERY,HVN2,893,155,0.3426651735722284,0.406494960806271,0.25083986562150057,0.7503528183874028,0.8673568763765495,-0.13446159113698247,level+crowd_state,,,,WITH,
DISCOVERY,LVN,262,119,0.40458015267175573,0.37786259541984735,0.21755725190839695,0.8819541983850143,0.7775296847348714,0.1239848684348699,level+crowd_state,,,,AGAINST,
DISCOVERY,LVN,212,116,0.4056603773584906,0.4009433962264151,0.19339622641509435,0.8321290501194665,0.7928302198860837,-0.1219493820607214,level+crowd_state,,,,NEUTRAL,
DISCOVERY,LVN,619,154,0.34248788368336025,0.43618739903069464,0.22132471728594508,0.6635502038234954,0.9450333227546842,-0.15354371443351914,level+crowd_state,,,,WITH,
DISCOVERY,POC_HVN,843,155,0.3997627520759193,0.36773428232502964,0.232502965599051,0.8762996269876164,0.7568200836820164,0.11031748674517161,level+crowd_state,,,,AGAINST,
DISCOVERY,POC_HVN,675,152,0.35259259259259257,0.40296296296296297,0.24444444444444444,0.7418546365914441,0.816666407501287,-0.0540511952612596,level+crowd_state,,,,NEUTRAL,
DISCOVERY,POC_HVN,1314,155,0.365296803652968,0.3888888888888889,0.24581430745814306,0.7635503253715483,0.8472582959708561,-0.10203763066224,level+crowd_state,,,,WITH,
DISCOVERY,VAH,727,155,0.4016506189821183,0.3631361760660248,0.23521320495185694,0.8080130271800368,0.8256205128429248,-0.09197712165713434,level+crowd_state,,,,AGAINST,
DISCOVERY,VAH,493,145,0.36511156186612576,0.40365111561866124,0.23123732251521298,0.7561515748031407,0.90131578947373,-0.035143166800686854,level+crowd_state,,,,NEUTRAL,
DISCOVERY,VAH,949,155,0.37513171759747105,0.41517386722866173,0.20969441517386722,0.8284721845972361,0.9461600646726115,-0.07149065623641164,level+crowd_state,,,,WITH,
DISCOVERY,VAL,788,155,0.42385786802030456,0.37182741116751267,0.20431472081218274,0.9273780447338982,0.7736601156562921,-0.021109867650159025,level+crowd_state,,,,AGAINST,
DISCOVERY,VAL,462,147,0.3528138528138528,0.4155844155844156,0.23160173160173161,0.8206109482690376,0.8729324277512711,-0.15862216817575825,level+crowd_state,,,,NEUTRAL,
DISCOVERY,VAL,955,153,0.381151832460733,0.39790575916230364,0.22094240837696336,0.7949663501428907,0.8743234023197617,-0.1660887891767017,level+crowd_state,,,,WITH,
VALIDATION,HVN2,202,52,0.45544554455445546,0.3564356435643564,0.18811881188118812,1.0019534420144098,0.8525414805398898,0.05360591957716572,level+crowd_state,,,,AGAINST,
VALIDATION,HVN2,142,50,0.4014084507042254,0.36619718309859156,0.2323943661971831,0.901565360318765,0.7668144537374315,-0.10633024065121677,level+crowd_state,,,,NEUTRAL,
VALIDATION,HVN2,389,53,0.39845758354755784,0.41131105398457585,0.19023136246786632,0.8769697562885407,0.9769782406676845,-0.0984970224028845,level+crowd_state,,,,WITH,
VALIDATION,LVN,58,37,0.3448275862068966,0.4482758620689655,0.20689655172413793,0.8701823556828003,0.7571797230667703,-0.06946463849815912,level+crowd_state,,,,AGAINST,
VALIDATION,LVN,63,39,0.49206349206349204,0.30158730158730157,0.20634920634920634,1.0196233214638144,0.5194551971326223,0.35866087660661927,level+crowd_state,,,,NEUTRAL,
VALIDATION,LVN,233,52,0.33905579399141633,0.4206008583690987,0.24034334763948498,0.7689016513489711,0.9339796624995479,-0.19814749036860155,level+crowd_state,,,,WITH,
VALIDATION,POC_HVN,246,53,0.4349593495934959,0.3617886178861789,0.2032520325203252,0.962034085785475,0.8622933426053203,0.15155362485577972,level+crowd_state,,,,AGAINST,
VALIDATION,POC_HVN,198,53,0.4292929292929293,0.3888888888888889,0.18181818181818182,0.9313370465632461,0.7985710246196562,0.034280320221756665,level+crowd_state,,,,NEUTRAL,
VALIDATION,POC_HVN,519,53,0.3834296724470135,0.42196531791907516,0.19460500963391136,0.7892813225850486,0.915147168774893,-0.09063431156079639,level+crowd_state,,,,WITH,
VALIDATION,VAH,260,52,0.4307692307692308,0.35,0.21923076923076923,0.9134224915158033,0.8534917706397209,0.03228697930774867,level+crowd_state,,,,AGAINST,
VALIDATION,VAH,164,49,0.40853658536585363,0.38414634146341464,0.2073170731707317,0.8337366130329182,0.8365497348852509,0.043122370050222736,level+crowd_state,,,,NEUTRAL,
VALIDATION,VAH,378,53,0.36772486772486773,0.4312169312169312,0.20105820105820105,0.8853995793380678,0.9678129374299846,-0.05763132747990343,level+crowd_state,,,,WITH,
VALIDATION,VAL,243,53,0.3950617283950617,0.41975308641975306,0.18518518518518517,0.8671154613623472,0.891119181247949,-0.11634997442857715,level+crowd_state,,,,AGAINST,
VALIDATION,VAL,156,47,0.4423076923076923,0.40384615384615385,0.15384615384615385,1.0387177036532327,0.9583540500129528,-0.1710843767499039,level+crowd_state,,,,NEUTRAL,
VALIDATION,VAL,316,53,0.33860759493670883,0.4620253164556962,0.19936708860759494,0.7781877943213966,1.0536434640807835,-0.16318151967790978,level+crowd_state,,,,WITH,
CHECK,,1529,85,0.3897972531066056,0.3806409417920209,0.22956180510137345,0.8371280327584665,0.8454834023780026,-0.065775777183859,shape_transition,,,,,B>B
CHECK,,216,74,0.35185185185185186,0.5231481481481481,0.125,0.724724228692915,1.298325997106694,-0.4667913293632732,shape_transition,,,,,B>D
CHECK,,89,50,0.3707865168539326,0.5056179775280899,0.12359550561797752,0.8831558595215441,1.2001794157773744,-0.42077082386220144,shape_transition,,,,,B>P
CHECK,,87,48,0.41379310344827586,0.47126436781609193,0.11494252873563218,0.8810772693463195,1.051894016744943,-0.08650662251653272,shape_transition,,,,,B>b
CHECK,,264,81,0.32196969696969696,0.5151515151515151,0.16287878787878787,0.7237539179840966,1.1365412500563363,-0.15634248775665185,shape_transition,,,,,D>B
CHECK,,2162,85,0.3954671600370028,0.40333024976873266,0.20120259019426456,0.9145685721885736,0.9078343713402937,0.04297337906964231,shape_transition,,,,,D>D
CHECK,,81,49,0.345679012345679,0.4444444444444444,0.20987654320987653,0.7576023625189877,0.8964195487411841,-0.057069143446862945,shape_transition,,,,,D>P
CHECK,,73,47,0.3972602739726027,0.4657534246575342,0.136986301369863,0.9607231364438525,1.1315697633838486,-0.38446861062660204,shape_transition,,,,,D>b
CHECK,,83,42,0.5301204819277109,0.3493975903614458,0.12048192771084337,1.175811155668992,0.7166960509367888,0.48996262873906676,shape_transition,,,,,P>B
CHECK,,101,51,0.43564356435643564,0.45544554455445546,0.10891089108910891,1.1966817179460292,1.0204781023737022,0.17078129538193532,shape_transition,,,,,P>D
CHECK,,503,81,0.43339960238568587,0.415506958250497,0.15109343936381708,0.9229881566960487,0.9244843646041437,-0.06969069858492467,shape_transition,,,,,P>P
CHECK,,90,47,0.5,0.32222222222222224,0.17777777777777778,1.0846597533100988,0.800719570773139,0.09380759677258317,shape_transition,,,,,b>B
CHECK,,93,53,0.41935483870967744,0.4946236559139785,0.08602150537634409,0.9797905813173797,1.1250415891966072,-0.0,shape_transition,,,,,b>D
CHECK,,484,81,0.3884297520661157,0.40289256198347106,0.20867768595041322,0.8785343435049631,0.8713765472638257,0.04332246132261265,shape_transition,,,,,b>b
DISCOVERY,,2344,155,0.36646757679180886,0.3843856655290102,0.24914675767918087,0.7773097629489925,0.7913223533979594,-0.03447175559594485,shape_transition,,,,,B>B
DISCOVERY,,262,115,0.42748091603053434,0.37404580152671757,0.1984732824427481,0.9329315872613816,0.8408176759050028,0.0530051078885852,shape_transition,,,,,B>D
DISCOVERY,,127,67,0.3700787401574803,0.5118110236220472,0.11811023622047244,0.8337617823479049,1.0489144481778288,-0.14938887316926955,shape_transition,,,,,B>P
DISCOVERY,,105,66,0.4095238095238095,0.3904761904761905,0.2,0.8990395605740082,0.9551437013161507,-0.2946830514661177,shape_transition,,,,,B>b
DISCOVERY,,373,129,0.35924932975871315,0.40482573726541554,0.2359249329758713,0.7395130507906692,0.9272340646232138,-0.08478630172271058,shape_transition,,,,,D>B
DISCOVERY,,4052,155,0.37265547877591315,0.3872161895360316,0.24012833168805528,0.777621847990732,0.8265145048310854,-0.057638771277181595,shape_transition,,,,,D>D
DISCOVERY,,169,92,0.4319526627218935,0.3727810650887574,0.1952662721893491,0.9520161873102869,0.9063838145747531,-0.09357410881800815,shape_transition,,,,,D>P
DISCOVERY,,120,68,0.44166666666666665,0.35,0.20833333333333334,0.9789243251929487,0.8537139041993638,-0.07243205906800369,shape_transition,,,,,D>b
DISCOVERY,,1,1,0.0,1.0,0.0,0.22536240484617706,1.841344755282183,-1.723955606133597,shape_transition,,,,,NA>D
DISCOVERY,,155,83,0.34838709677419355,0.4,0.25161290322580643,0.7558698959661123,0.7835296862241845,-0.004576190093099409,shape_transition,,,,,P>B
DISCOVERY,,201,108,0.38308457711442784,0.40298507462686567,0.21393034825870647,0.823981791960264,0.9331075359864842,-0.1546621956331227,shape_transition,,,,,P>D
DISCOVERY,,1101,150,0.39146230699364215,0.3960036330608538,0.2125340599455041,0.8410858000272793,0.8637401947548926,-0.025743051787553633,shape_transition,,,,,P>P
DISCOVERY,,1,1,0.0,1.0,0.0,0.9877774383467558,1.2596190636642954,0.9877774383467558,shape_transition,,,,,P>b
DISCOVERY,,142,75,0.323943661971831,0.4225352112676056,0.2535211267605634,0.5927850194810844,0.9538514178178811,-0.19541888458511214,shape_transition,,,,,b>B
DISCOVERY,,146,88,0.3835616438356164,0.3904109589041096,0.22602739726027396,0.8285160963950424,0.8592450538691914,-0.061293119307990744,shape_transition,,,,,b>D
DISCOVERY,,941,142,0.357066950053135,0.41764080765143463,0.2252922422954304,0.7649052841475443,0.9047862665006682,-0.13490007142756966,shape_transition,,,,,b>b
VALIDATION,,852,53,0.38967136150234744,0.3873239436619718,0.22300469483568075,0.8401977154582878,0.8760749145021438,-0.10071894722753658,shape_transition,,,,,B>B
VALIDATION,,97,46,0.41237113402061853,0.35051546391752575,0.23711340206185566,0.6755765579022153,0.766191857622486,0.12116975416521003,shape_transition,,,,,B>D
VALIDATION,,61,31,0.5409836065573771,0.29508196721311475,0.16393442622950818,1.062031386545056,0.6399176954732402,0.05375507442490885,shape_transition,,,,,B>P
VALIDATION,,57,28,0.40350877192982454,0.40350877192982454,0.19298245614035087,0.8980766271734164,0.714357886228152,-0.02436670687575044,shape_transition,,,,,B>b
VALIDATION,,122,44,0.36065573770491804,0.36065573770491804,0.2786885245901639,0.8504998241530031,0.7472485623976461,-0.029620641243577092,shape_transition,,,,,D>B
VALIDATION,,1390,53,0.4136690647482014,0.40071942446043163,0.1856115107913669,0.9247721265375963,0.8973270910553786,-0.00048052170927737335,shape_transition,,,,,D>D
VALIDATION,,43,24,0.32558139534883723,0.5348837209302325,0.13953488372093023,0.8509046304814974,1.1636372143074452,-0.3548411214953404,shape_transition,,,,,D>P
VALIDATION,,57,31,0.47368421052631576,0.38596491228070173,0.14035087719298245,1.0343220203697319,0.9981346067751093,0.341282568078496,shape_transition,,,,,D>b
VALIDATION,,50,29,0.38,0.44,0.18,0.7976327427972459,0.9464333342626812,-0.116325325262038,shape_transition,,,,,P>B
VALIDATION,,72,37,0.4027777777777778,0.4583333333333333,0.1388888888888889,0.8192524423138977,1.0141782832812078,-0.08272476045762778,shape_transition,,,,,P>D
VALIDATION,,324,52,0.33641975308641975,0.4351851851851852,0.22839506172839505,0.7272112131461828,1.008055544904686,-0.1764481466407199,shape_transition,,,,,P>P
VALIDATION,,2,1,1.0,0.0,0.0,2.046033135258814,3.0058501082500175,-1.4361785434612224,shape_transition,,,,,P>b
VALIDATION,,61,33,0.4098360655737705,0.45901639344262296,0.13114754098360656,0.7363818546183315,1.0094442835537438,-0.05593453949090485,shape_transition,,,,,b>B
VALIDATION,,71,35,0.2676056338028169,0.5070422535211268,0.22535211267605634,0.6878008858078412,1.0882439445546044,-0.1965160760013976,shape_transition,,,,,b>D
VALIDATION,,308,48,0.4025974025974026,0.41883116883116883,0.17857142857142858,0.9197624720373203,0.9165469415257845,-0.09136890276950714,shape_transition,,,,,b>b
